Chromosome =8
#Solution 1: [1, 5, 8, 6, 3, 7, 2, 4]
#Solution 2: [1, 6, 8, 3, 7, 4, 2, 5]
#Solution 3: [2, 4, 6, 8, 3, 1, 7, 5]
#Solution 4: [2, 5, 7, 1, 3, 8, 6, 4]

Chromosome = 20
#Solution 1: [ 8, 4, 11, 20, 6, 17, 10, 7, 19, 3, 16, 18, 9, 12, 1, 5, 14, 2, 13, 15]
#Solution 2: [ 1, 20, 6, 15, 12, 10, 13, 5, 3, 18, 4, 11, 14, 19, 17, 2, 8, 16, 7, 9]
#Solution 3: [ 5, 11, 1, 20, 12, 9, 4, 14, 19, 15, 7, 2, 8, 6, 16, 18, 10, 17, 13, 3]

Chromosome = 50 
#Solution 1: [24, 1, 18, 42, 23, 48, 7, 12, 14, 39, 30, 5, 25, 15, 4, 29, 9, 43, 40, 44, 27,
 33, 45, 3, 28, 8, 47, 11, 38, 6, 19, 26, 2, 41, 22, 50,
 10, 35, 13, 36, 31, 37, 34, 21, 17, 32, 49, 46, 20, 16]

Chromsome = 100 
# Solution 1: [44, 62, 6, 52, 46, 73, 76, 39, 71, 50, 25, 63, 78, 60, 43, 77, 49, 55, 24,  
67, 40, 85, 29, 8, 5, 82, 98, 66, 87, 3, 41, 53, 48, 1, 92, 31, 16, 88, 51, 79, 61, 4,
  19, 10, 69, 11, 100, 56, 94, 21, 14, 26, 23, 45, 13, 42, 2, 12, 89, 28, 95, 22, 65, 99,  
  47, 93, 68, 64, 20, 96, 32, 70, 80, 90, 97, 75, 81, 33, 54, 58, 37, 59, 17, 84,
  72, 27, 36, 57, 7, 83, 15, 18, 74, 30, 35, 38, 34, 86, 91, 9]